1171 840
840 327
327 1378
1378 157
157 1059
1059 1153
1153 538
538 1334
1334 325
325 487
487 92
92 700
700 69
69 358
358 391
391 429
429 1302
1302 749
749 355
355 825
825 620
620 1361
1361 425
425 72
72 55
55 662
662 512
512 646
646 625
625 42
42 345
345 378
378 337
337 1262
1262 1058
1058 1234
1234 1297
1297 217
217 1344
1344 1090
1090 788
788 1046
1046 980
980 74
74 26
26 60
60 127
127 731
731 1099
1099 1012
1012 1291
1291 874
874 739
739 793
793 827
827 939
939 824
824 1373
1373 1285
1285 229
229 248
248 1156
1156 13
13 495
495 679
679 964
964 1179
1179 643
643 1075
1075 955
955 767
767 1041
1041 1089
1089 672
672 147
147 560
560 1350
1350 1257
1257 1001
1001 839
839 518
518 881
881 1259
1259 553
553 279
279 1127
1127 562
562 1272
1272 931
931 1380
1380 1170
1170 1306
1306 88
88 144
144 752
752 1188
1188 1314
1314 1266
1266 1036
1036 1171
767 1297
425 672
1179 1059
358 1380
88 1046
881 1058
69 1012
1344 1334
793 1046
1257 939
955 840
874 672
1266 1046
1058 495
1089 1344
1262 279
1036 1012
1153 378
646 553
1171 827
74 72
980 1234
1001 679
1153 1041
26 1361
74 679
1302 337
824 72
1378 88
1285 1306
88 1156
749 840
1285 824
69 793
825 217
1188 147
1257 1153
662 144
337 1089
1291 646
60 391
1036 1285
495 1302
1291 1361
279 1380
55 1266
157 425
739 355
279 327
562 1001
1272 518
391 1257
1127 217
127 13
1266 824
1285 1090
931 955
144 767
378 839
1170 92
931 157
279 391
1156 646
88 74
92 1012
72 13
625 700
625 1314
378 88
345 355
840 1036
1285 1297
391 739
538 1262
1153 72
487 327
1090 1127
495 767
1075 1041
538 345
620 840
662 1257
824 391
345 127
825 739
1297 147
495 26
1041 13
749 1036
1297 672
69 378
1170 1259
739 1291
562 1234
248 1090
840 391
1262 512
625 1089
1334 643
1179 60
74 625
874 1302
518 827
646 700
964 643
74 1001
672 1099
646 560
827 92
1171 127
793 1257
26 1041
144 1179
625 1171
358 1001
69 1036
874 1171
72 1262
425 1041
1156 824
1259 700
518 1297
429 955
1012 679
13 1171
679 767
1036 358
1089 157
518 495
1380 964
1302 752
1378 327
1272 1302
127 788
1373 1350
562 92
1378 1272
1041 127
217 69
1291 487
749 248
229 562
679 1001
1156 553
217 325
144 217
72 391
980 512
827 157
1272 1156
1156 939
562 840
42 1314
731 643
1285 1291
1170 793
1075 840
1179 147
1179 248
1179 144
1257 643
325 1234
1297 1171
1334 752
562 646
625 512
1291 1090
1334 1272
672 939
429 739
1046 487
391 1058
788 512
1171 92
538 1153
1041 1188
839 74
217 26
1089 1127
229 355
1170 1153
1266 752
752 358
931 144
562 13
1170 700
1302 72
69 827
1075 767
625 1380
1378 1046
512 1234
279 1314
337 355
827 248
874 825
1257 700
127 1090
553 60
1381 426
426 689
689 186
186 201
201 1120
1120 368
368 1353
1353 1071
1071 305
305 557
557 1269
1269 500
500 498
498 592
592 1227
1227 478
478 606
606 1336
1336 239
239 448
448 568
568 1221
1221 725
725 1284
1284 1180
1180 1167
1167 575
575 43
43 1191
1191 1292
1292 6
6 751
751 1181
1181 1370
1370 671
671 457
457 678
678 225
225 723
723 933
933 93
93 1217
1217 736
736 1091
1091 158
158 10
10 259
259 629
629 1010
1010 1268
1268 870
870 208
208 384
384 370
370 317
317 702
702 1149
1149 411
411 198
198 1305
1305 264
264 44
44 631
631 1283
1283 189
189 1340
1340 975
975 254
254 501
501 1381
158 1217
317 93
500 370
689 198
259 1217
198 426
933 1010
631 264
93 1269
975 606
975 1071
751 317
1167 751
1191 426
568 368
208 501
1071 208
370 43
1336 1227
1353 498
689 1071
1292 725
411 736
975 1268
702 689
305 751
870 498
606 933
1180 1269
448 1120
305 368
1071 500
1336 478
1340 1269
225 557
1227 1370
1353 629
254 478
198 1217
498 478
1227 158
259 1283
264 575
44 225
1010 1353
93 43
259 501
158 501
1221 448
225 317
305 478
1269 1120
870 1340
254 384
1305 1217
501 975
254 1120
1010 1180
1071 478
254 1340
411 671
1305 1268
478 1180
725 1283
208 239
1071 1149
1217 478
426 370
1269 1217
568 317
1217 975
225 1091
478 198
498 448
254 1336
500 426
10 870
411 933
368 678
1340 870
1353 370
158 736
592 1305
1167 1120
1071 702
1305 44
189 426
44 1284
678 501
317 1071
751 1217
751 575
975 1284
158 1227
1269 736
368 1191
368 1381
1120 500
592 975
1071 1120
208 751
1340 411
1091 1227
1353 1120
498 1305
6 1269
671 208
10 1336
1305 725
736 225
1227 1269
1370 751
592 1221
384 575
478 10
1010 457
1292 384
1268 1381
201 305
1268 368
725 501
1340 751
1120 1191
457 158
264 606
201 1370
568 1217
1268 689
225 689
1010 1217
1180 158
723 557
1268 239
1284 725
426 254
678 478
254 426
171 182
182 977
977 525
525 756
756 297
297 902
902 73
73 376
376 811
811 140
140 1230
1230 1101
1101 872
872 909
909 300
300 644
644 1293
1293 940
940 1287
1287 172
172 269
269 754
754 4
4 273
273 1208
1208 949
949 1020
1020 747
747 706
706 1045
1045 75
75 152
152 89
89 286
286 803
803 139
139 1154
1154 173
173 506
506 787
787 1372
1372 1273
1273 1335
1335 1220
1220 1126
1126 1025
1025 878
878 64
64 1315
1315 196
196 117
117 161
161 974
974 106
106 677
677 86
86 782
782 122
122 407
407 171
1315 106
949 940
811 1372
73 173
1273 1154
1287 902
525 4
1101 902
1287 161
171 1315
525 1230
803 1045
139 878
878 1335
182 1287
787 803
1045 1208
1208 376
747 1372
949 407
122 172
1372 152
754 977
1126 1315
172 1220
909 1335
117 756
139 754
196 747
122 1154
1154 1315
1220 1287
122 940
506 1020
1230 75
1101 140
1045 139
86 273
1020 73
140 1101
1208 747
117 4
872 122
1126 1045
152 787
152 1273
297 1154
803 1025
140 525
286 872
172 902
407 182
811 1220
644 1208
1025 1273
1025 172
677 273
902 407
1208 1287
89 1315
172 782
173 1208
1126 122
269 196
407 1101
4 1020
182 706
811 73
152 803
140 787
1315 89
974 1220
172 787
161 73
161 1045
376 940
269 1101
73 949
1126 196
754 139
140 196
1045 1372
787 872
64 949
1126 1101
161 1287
196 872
182 754
1315 1020
122 196
974 75
161 909
1335 974
949 506
878 506
117 407
872 756
1273 139
1025 1220
902 754
977 182
1372 407
300 1293
139 297
300 1045
73 902
86 1045
152 300
407 1020
1208 1315
949 122
376 73
140 172
754 73
140 1273
878 140
407 706
1315 1025
877 335
335 906
906 912
912 996
996 488
488 1362
1362 474
474 785
785 945
945 367
367 1280
1280 508
508 252
252 94
94 284
284 901
901 357
357 897
897 145
145 645
645 691
691 978
978 686
686 1210
1210 994
994 103
103 307
307 422
422 51
51 944
944 948
948 930
930 976
976 374
374 648
648 589
589 1161
1161 504
504 47
47 877
978 996
252 785
691 912
488 47
367 901
948 1210
976 589
374 686
785 994
94 1210
994 307
94 645
945 51
357 508
945 930
252 912
47 252
51 504
307 508
785 589
994 1161
307 589
94 422
252 488
945 252
145 686
51 785
374 284
648 508
691 252
901 648
589 252
488 945
47 508
1362 422
145 994
51 284
589 785
367 103
1210 335
474 145
930 284
686 1161
335 877
474 508
335 488
51 906
474 978
589 976
1362 978
51 945
1362 877
488 645
897 284
1210 1161
357 94
474 948
978 422
47 374
367 1210
367 648
1362 645
357 901
994 374
1161 976
284 335
785 976
145 906
335 978
978 504
103 996
252 504
474 252
912 357
906 145
1210 948
203 475
475 419
419 98
98 894
894 121
121 1289
1289 891
891 640
640 761
761 1384
1384 471
471 328
328 1201
1201 241
241 386
386 1072
1072 435
435 408
408 915
915 1062
1062 247
247 641
641 738
738 481
481 67
67 1184
1184 1032
1032 555
555 126
126 203
126 241
67 1072
641 891
475 641
1062 641
640 1032
915 121
471 435
555 761
241 247
408 67
241 471
475 203
640 419
891 98
1201 98
328 1184
555 247
1062 419
408 738
121 419
481 1062
891 1184
738 1289
386 241
555 641
891 328
1062 1289
247 328
67 419
641 126
1289 386
408 419
761 481
1289 67
126 1289
894 738
435 738
891 738
1289 241
555 67
481 1201
98 481
738 1384
1062 67
1032 328
247 386
471 1072
761 640
1032 1201
328 481
555 203
1072 761
121 1062
894 1062
757 613
613 664
664 199
199 509
509 759
759 35
35 338
338 413
413 221
221 1396
1396 1309
1309 1147
1147 287
287 908
908 918
918 507
507 611
611 1077
1077 654
654 281
281 1376
1376 1048
1048 659
659 526
526 1247
1247 670
670 141
141 1042
1042 130
130 954
954 383
383 524
524 794
794 617
617 801
801 238
238 1134
1134 916
916 1173
1173 907
907 886
886 1310
1310 696
696 1223
1223 663
663 585
585 299
299 1213
1213 1030
1030 607
607 11
11 1239
1239 22
22 1319
1319 253
253 194
194 1073
1073 1165
1165 1069
1069 15
15 789
789 1390
1390 947
947 54
54 390
390 340
340 1249
1249 1108
1108 821
821 1
1 502
502 153
153 711
711 1162
1162 740
740 257
257 21
21 195
195 1308
1308 1022
1022 1388
1388 78
78 979
979 660
660 808
808 349
349 962
962 331
331 485
485 737
737 550
550 681
681 1301
1301 1346
1346 242
242 1232
1232 845
845 343
343 1387
1387 748
748 1333
1333 38
38 892
892 989
989 462
462 445
445 418
418 420
420 1383
1383 235
235 143
143 494
494 1158
1158 455
455 841
841 826
826 876
876 704
704 443
443 635
635 925
925 773
773 1320
1320 717
717 777
777 318
318 164
164 399
399 301
301 815
815 90
90 843
843 942
942 697
697 23
23 722
722 222
222 169
169 655
655 869
869 923
923 810
810 831
831 226
226 353
353 521
521 790
790 380
380 735
735 661
661 1374
1374 1119
1119 694
694 800
800 776
776 1182
1182 19
19 855
855 1237
1237 1316
1316 715
715 85
85 1060
1060 1097
1097 682
682 1002
1002 227
227 57
57 1151
1151 220
220 1236
1236 1252
1252 482
482 228
228 763
763 348
348 866
866 505
505 642
642 453
453 503
503 1195
1195 25
25 319
319 476
476 1338
1338 151
151 12
12 240
240 270
270 1024
1024 412
412 439
439 210
210 729
729 619
619 180
180 444
444 798
798 160
160 1348
1348 1261
1261 395
395 354
354 372
372 1282
1282 937
937 875
875 692
692 579
579 542
542 101
101 351
351 610
610 995
995 102
102 118
118 511
511 1125
1125 817
817 112
112 1360
1360 393
393 1033
1033 510
510 523
523 665
665 1399
1399 154
154 757
253 1232
925 722
238 257
455 503
1182 1134
1376 660
1033 1
1316 257
57 380
1388 1022
1002 937
151 1232
372 659
542 918
711 1060
1319 831
815 210
843 717
1077 1108
642 221
1399 372
318 654
509 521
318 866
1252 737
19 143
1223 654
19 222
1125 130
1077 12
610 1390
692 319
694 455
875 989
664 790
235 1173
238 1333
655 1396
85 715
613 815
526 711
1158 1097
875 937
740 523
918 1376
722 759
1022 962
195 1333
257 287
1390 54
169 372
101 1002
1077 1158
1308 722
947 503
253 380
351 1195
1165 420
1360 1
821 810
611 1237
12 1396
349 1237
1119 757
1239 130
619 21
299 1301
1346 210
866 1042
455 642
412 1030
989 1320
35 505
1165 1134
776 1024
869 1383
1239 340
875 331
815 1213
222 585
642 420
962 542
238 1022
845 1316
1162 299
635 670
942 507
1182 319
1108 1195
908 759
299 1069
1030 505
1060 420
1033 1022
681 130
1151 1310
395 1346
942 169
1252 659
729 1151
476 118
240 697
221 331
1239 503
794 954
112 1223
509 383
1247 343
660 801
585 1022
642 1360
413 611
1073 510
1320 418
338 1232
1097 331
90 482
1396 1237
1022 1261
908 482
670 257
494 670
395 338
1223 642
1396 821
869 319
227 692
663 257
210 923
160 1108
505 763
153 287
715 611
281 642
682 1213
817 908
886 655
821 801
660 180
509 1383
722 1261
15 348
343 1308
299 1376
453 942
663 210
85 462
38 319
875 1073
1261 1213
270 502
526 1261
1247 908
1388 343
444 453
270 907
1301 663
521 511
521 1252
1024 1151
886 270
1261 23
1108 413
1308 866
619 35
353 354
1223 1247
1048 1310
1060 455
704 503
331 748
395 439
1360 494
11 810
655 1310
1151 1237
169 763
1073 925
1282 1390
85 808
154 717
154 19
989 1310
1236 12
704 54
1077 351
476 1396
102 1374
1030 642
1333 654
270 789
1125 1346
455 349
1346 503
372 510
130 1239
704 11
38 1396
390 1236
916 118
610 1223
287 151
19 757
372 526
696 801
54 445
737 869
511 1223
228 143
1346 1360
1073 763
57 613
180 453
875 348
642 21
25 670
735 348
613 160
1301 331
11 704
611 916
153 789
790 542
1022 1151
348 735
1002 696
757 1042
348 1247
340 420
78 1319
228 1165
390 869
299 462
607 1022
1249 319
1320 1151
287 54
507 1151
866 354
11 511
420 281
153 143
1348 947
1316 118
1069 199
1151 90
1151 661
817 154
143 800
1165 228
11 1282
821 550
729 1182
476 773
287 349
130 1195
319 1077
542 331
1396 550
485 12
789 23
610 228
682 54
642 1348
1301 164
1239 1151
817 717
23 800
11 579
794 659
845 412
482 831
735 418
1097 348
937 642
102 789
682 722
1002 1069
281 696
722 1399
462 908
995 1346
925 585
351 954
1223 153
462 228
439 979
1173 1158
453 12
299 937
253 1119
979 1042
349 1182
611 399
38 1239
143 692
485 735
916 390
635 1333
925 715
585 228
869 510
399 509
1024 1374
947 1252
1236 735
112 869
1033 153
826 661
821 485
1360 777
485 210
164 485
503 995
482 331
907 1048
1073 143
892 1030
15 610
523 1097
445 1282
1239 962
1360 445
1033 925
340 876
1002 1119
351 154
855 1338
169 1108
390 918
1237 815
869 670
1162 1033
511 759
810 238
118 635
253 319
1030 1390
1173 729
242 1173
257 907
160 85
954 585
1213 1319
954 979
1319 1247
420 665
1399 1301
510 1119
1223 270
635 1346
1162 1261
1252 722
1346 808
776 238
670 737
876 1030
1119 35
1195 101
1002 655
90 659
550 130
1108 502
821 439
821 1348
1024 737
413 1316
542 1232
509 1033
579 15
35 301
443 11
1249 1282
916 1247
815 1125
1213 800
916 221
511 1333
210 617
301 663
841 661
585 1147
443 354
505 866
740 664
989 1073
1232 1108
85 790
876 19
1388 642
1213 1002
228 220
697 682
585 613
25 817
38 240
759 38
757 1338
353 1134
253 831
270 1002
351 15
22 748
1374 130
740 1024
270 482
439 886
635 1390
210 420
995 390
617 390
395 659
1308 1399
1390 380
15 354
101 1134
876 253
383 1390
199 494
420 801
1119 826
270 343
503 90
947 38
722 1310
790 1158
1077 776
585 942
810 143
665 443
1237 257
154 711
482 23
380 238
916 253
348 1237
942 235
390 78
38 383
619 664
1213 526
800 817
947 815
715 759
790 476
399 169
876 11
524 482
526 1022
169 579
664 299
989 1247
789 1022
696 521
1033 875
1247 221
1064 61
61 593
593 1229
1229 377
377 469
469 316
316 1082
1082 1150
1150 871
871 1098
1098 213
213 822
822 685
685 56
56 712
712 1143
1143 517
517 639
639 1118
1118 406
406 289
289 1278
1278 449
449 1177
1177 1276
1276 387
387 1172
1172 814
814 920
920 1371
1371 1113
1113 768
768 492
492 1130
1130 934
934 414
414 237
237 950
950 1178
1178 965
965 1260
1260 1043
1043 1146
1146 1169
1169 131
131 197
197 1279
1279 1367
1367 410
410 1166
1166 183
183 854
854 142
142 547
547 905
905 373
373 191
191 159
159 588
588 266
266 1329
1329 873
873 1294
1294 727
727 797
797 401
401 1081
1081 1368
1368 3
3 1102
1102 256
256 951
951 5
5 1054
1054 148
148 1013
1013 288
288 1164
1164 984
984 149
149 332
332 893
893 1124
1124 120
120 628
628 249
249 862
862 1197
1197 438
438 1047
1047 1248
1248 442
442 983
983 1354
1354 1243
1243 1224
1224 673
673 957
957 1129
1129 1029
1029 578
578 865
865 985
985 545
545 667
667 59
59 762
762 551
551 1209
1209 41
41 71
71 1317
1317 489
489 598
598 251
251 1379
1379 175
175 333
333 1006
1006 668
668 285
285 31
31 1385
1385 326
326 844
844 375
375 544
544 1007
1007 1065
1065 37
37 329
329 233
233 232
232 921
921 834
834 1265
1265 1322
1322 62
62 1083
1083 582
582 389
389 165
165 758
758 626
626 1200
1200 9
9 753
753 1206
1206 125
125 1357
1357 680
680 1288
1288 998
998 649
649 1093
1093 135
135 1263
1263 745
745 1330
1330 699
699 1203
1203 960
960 708
708 987
987 40
40 781
781 1199
1199 1240
1240 1290
1290 969
969 904
904 867
867 268
268 602
602 342
342 1244
1244 928
928 953
953 8
8 1107
1107 360
360 107
107 688
688 819
819 1351
1351 458
458 816
816 263
263 889
889 615
615 515
515 514
514 651
651 807
807 1366
1366 850
850 946
946 179
179 1115
1115 527
527 294
294 990
990 334
334 637
637 537
537 726
726 282
282 926
926 594
594 209
209 829
829 76
76 1148
1148 861
861 1085
1085 784
784 533
533 496
496 70
70 1231
1231 1250
1250 799
799 1356
1356 402
402 1018
1018 176
176 363
363 563
563 53
53 113
113 1175
1175 1324
1324 49
49 162
162 404
404 630
630 356
356 409
409 7
7 468
468 988
988 155
155 381
381 1096
1096 970
970 858
858 1037
1037 895
895 1157
1157 275
275 746
746 1251
1251 1318
1318 428
428 1094
1094 539
539 1145
1145 724
724 174
174 20
20 313
313 136
136 1355
1355 108
108 166
166 587
587 967
967 464
464 1215
1215 1064
333 854
598 1177
136 746
1251 285
275 458
326 1231
834 8
985 1354
563 1146
1197 1329
294 120
990 135
1290 165
179 449
514 1178
946 819
41 920
1047 1318
332 987
850 1145
699 59
615 1229
699 639
342 987
758 926
268 256
807 998
537 175
275 1294
649 861
414 797
1175 449
626 1013
1199 402
56 232
854 1357
814 342
745 377
578 673
578 990
9 1107
593 165
768 708
387 1113
822 108
578 1288
651 1199
834 1130
602 492
1356 587
639 375
1351 402
1279 389
1366 285
781 615
628 334
1199 987
142 639
983 1064
266 799
1148 1043
1130 213
166 1145
688 62
867 176
406 233
410 1145
1043 1368
970 822
183 1351
410 724
1240 1367
834 71
533 266
1007 316
131 1206
275 797
1169 946
41 329
1006 375
458 409
834 1215
409 375
1113 492
758 232
862 1251
1164 1385
850 1029
1047 251
1288 1318
1224 753
1318 360
282 263
402 960
1231 1085
1355 41
1294 489
363 282
582 61
563 893
7 904
1330 449
544 517
784 108
1157 950
688 381
1169 822
1200 1166
1263 712
1085 1366
1118 282
807 1150
174 844
1081 41
1244 865
402 1263
268 159
1229 688
1043 1209
615 1215
578 468
578 950
285 816
637 951
1018 799
162 514
1385 593
62 758
545 1330
373 1278
984 406
268 1064
1037 285
249 1324
249 527
389 920
727 62
904 1354
985 1356
1164 449
1379 1081
268 249
37 1200
539 984
889 533
8 1366
464 409
602 410
71 957
1250 1054
62 183
1356 651
1175 680
62 176
727 40
1366 175
1276 1169
375 867
179 873
889 237
183 1175
889 537
131 984
745 1113
5 970
628 781
934 814
1096 1047
1107 784
41 237
381 920
873 333
1164 3
165 1169
547 107
1354 414
768 428
797 680
969 1172
950 1115
387 551
389 1385
1175 724
1018 873
998 1113
237 442
960 289
893 1006
1244 135
237 673
871 893
1368 1029
1206 667
107 951
1029 1329
533 545
329 458
545 332
120 438
762 850
53 108
162 125
799 862
70 724
458 268
680 685
256 602
1279 329
598 1276
3 1209
175 176
946 166
537 626
1148 8
1290 375
469 136
233 334
1240 1278
289 356
37 233
819 174
985 31
544 402
1172 784
125 1215
289 1367
1107 1169
708 61
1177 1199
1164 438
410 1007
1278 191
5 873
680 587
637 517
1263 1083
489 377
414 37
1129 784
699 1085
162 1248
213 251
1231 1047
1065 8
492 1164
1199 1276
414 1007
768 381
179 814
517 113
758 1169
107 496
373 727
921 1240
263 517
9 685
1203 727
496 179
148 1276
289 1178
1098 249
861 985
1178 1113
332 489
332 56
1177 1081
1043 316
183 356
449 1150
159 1324
545 342
53 1150
1146 113
893 458
1083 282
822 125
360 928
685 1231
410 1329
727 1054
688 1129
970 1085
867 1145
165 1329
951 1102
389 893
108 1366
533 316
951 1107
1143 1064
1324 135
316 468
1197 449
449 71
1113 926
1199 1047
1354 213
957 1082
1157 1065
637 213
746 1115
166 7
1043 1322
873 20
387 326
984 237
1203 649
375 768
1251 551
724 1094
5 537
59 1354
797 1129
1018 920
183 1124
1177 867
1318 1175
389 256
294 685
1371 858
155 409
983 1118
628 858
449 1064
56 70
1013 998
1166 268
1124 268
1329 1172
745 990
414 1357
893 162
544 1351
401 468
233 594
1047 389
62 1166
1224 71
1166 893
598 688
136 120
375 113
984 1371
61 377
1231 125
745 249
1278 673
539 131
176 401
667 1231
56 807
1013 867
333 442
895 406
268 628
268 934
893 233
951 1209
1093 1322
1107 753
985 333
1357 1102
1018 822
294 496
233 1224
1357 708
637 1354
1006 1113
1082 602
1037 1250
1006 1356
1209 960
464 588
329 1006
988 970
71 1018
950 1371
1006 1385
1288 688
861 442
492 389
1065 449
1288 1317
237 1043
1371 1379
1322 578
858 712
1288 237
285 1243
381 1129
673 37
1081 781
547 135
1118 107
142 1094
758 1113
970 1371
1157 1082
1330 969
1118 615
708 209
985 844
70 799
926 527
539 1200
904 377
893 1054
402 1148
1244 699
5 406
1029 37
844 174
969 753
496 232
442 449
921 316
858 313
1172 926
76 1329
1276 1197
651 926
984 753
1098 342
637 1318
539 333
165 120
799 517
844 1085
1278 988
381 953
381 946
1290 120
1064 990
404 1096
990 176
1054 401
268 1169
1118 753
893 37
1150 602
615 1148
928 630
594 637
213 1244
71 904
1029 333
442 1279
861 904
895 1096
582 1317
1094 256
155 9
950 1385
375 1288
1037 970
1231 928
1164 598
867 1248
1047 125
233 1166
895 587
745 289
889 946
1250 53
179 165
834 165
1206 598
8 862
1324 799
545 724
762 712
799 165
404 375
62 983
950 1329
442 166
166 469
904 834
816 1124
107 1130
159 598
149 1231
889 1276
438 1150
1206 1240
165 148
727 1385
649 957
1096 985
489 468
1351 630
639 926
926 1169
1279 960
920 921
179 1209
1130 1229
113 957
401 746
1178 1354
1294 517
1356 113
342 9
166 867
967 125
1243 1029
313 334
162 1279
59 213
468 61
135 819
135 113
753 1143
1356 149
578 626
1047 329
1124 332
533 1330
438 1083
985 113
31 469
1209 1199
1215 377
165 1265
515 834
59 120
414 449
873 685
1043 1357
342 985
953 213
1355 984
1368 1240
282 464
1130 514
956 1253
1253 1086
1086 315
315 27
27 441
441 479
479 267
267 1286
1286 1303
1303 1061
1061 188
188 459
459 296
296 467
467 522
522 483
483 306
306 720
720 1111
1111 1298
1298 530
530 528
528 1133
1133 1117
1117 888
888 879
879 415
415 421
421 743
743 1123
1123 766
766 718
718 728
728 230
230 1270
1270 243
243 1365
1365 632
632 929
929 352
352 322
322 451
451 234
234 1192
1192 1070
1070 851
851 1296
1296 36
36 116
116 385
385 764
764 452
452 576
576 46
46 346
346 231
231 137
137 842
842 1176
1176 973
973 311
311 1274
1274 1140
1140 1053
1053 1066
1066 456
456 565
565 193
193 99
99 80
80 852
852 590
590 597
597 730
730 1345
1345 813
813 838
838 1008
1008 1068
1068 1023
1023 1144
1144 1028
1028 1242
1242 623
623 1139
1139 1116
1116 447
447 571
571 535
535 115
115 1067
1067 1218
1218 595
595 828
828 880
880 622
622 885
885 1019
1019 52
52 534
534 119
119 924
924 224
224 795
795 638
638 146
146 1375
1375 1325
1325 156
156 802
802 710
710 1392
1392 436
436 1207
1207 581
581 1332
1332 1313
1313 91
91 371
371 932
932 97
97 652
652 271
271 755
755 513
513 320
320 1015
1015 109
109 1155
1155 584
584 1358
1358 1267
1267 298
298 1014
1014 1109
1109 1193
1193 1339
1339 39
39 206
206 1264
1264 427
427 1328
1328 219
219 1256
1256 1347
1347 993
993 202
202 741
741 647
647 540
540 771
771 968
968 903
903 432
432 16
16 214
214 627
627 58
58 105
105 1304
1304 1400
1400 83
83 290
290 1055
1055 477
477 981
981 123
123 1092
1092 400
400 347
347 274
274 211
211 516
516 1211
1211 552
552 250
250 405
405 1095
1095 1342
1342 566
566 1258
1258 1160
1160 882
882 1186
1186 1168
1168 650
650 339
339 111
111 1000
1000 84
84 1174
1174 490
490 1056
1056 245
245 532
532 369
369 359
359 556
556 184
184 1254
1254 636
636 1104
1104 336
336 546
546 480
480 128
128 1040
1040 614
614 604
604 255
255 573
573 1011
1011 992
992 29
29 1034
1034 392
392 1233
1233 1312
1312 883
883 100
100 218
218 350
350 1142
1142 261
261 1364
1364 424
424 484
484 709
709 1035
1035 262
262 77
77 1049
1049 676
676 577
577 68
68 618
618 690
690 1051
1051 890
890 1044
1044 742
742 1363
1363 760
760 450
450 693
693 63
63 830
830 472
472 260
260 1004
1004 1063
1063 310
310 734
734 1275
1275 1138
1138 431
431 600
600 832
832 1307
1307 683
683 779
779 721
721 910
910 423
423 961
961 786
786 666
666 50
50 806
806 859
859 1106
1106 856
856 48
48 134
134 835
835 302
302 110
110 292
292 397
397 138
138 982
982 1187
1187 167
167 212
212 913
913 1185
1185 293
293 1225
1225 66
66 463
463 236
236 1255
1255 204
204 1277
1277 446
446 1084
1084 1337
1337 780
780 899
899 956
1255 483
480 913
296 100
766 1040
632 245
1061 1015
110 405
830 352
627 1044
452 1028
709 730
322 463
52 137
1142 123
202 1342
534 52
298 1095
882 293
446 813
882 690
666 1008
218 573
690 721
956 666
262 566
206 838
1358 1218
236 885
80 1185
293 352
369 427
890 1400
1056 1207
1067 16
29 66
262 755
556 1264
456 451
576 1176
584 484
1313 359
604 879
479 890
459 231
632 888
540 1066
597 832
1339 250
566 105
1138 683
456 880
1312 806
1267 193
899 48
666 16
123 1364
111 1400
879 29
296 262
236 50
1014 267
961 1267
1274 214
46 1023
1332 1142
961 310
1117 1286
1211 742
234 1255
913 528
1312 771
452 779
1092 123
1104 1144
1256 1051
903 490
230 188
115 618
565 1242
1168 1106
1086 741
924 932
1193 459
1142 1176
385 1035
296 137
1011 899
271 110
802 405
452 795
97 693
666 432
683 614
780 224
1307 880
786 128
885 1070
786 622
1225 167
1084 415
292 676
614 128
1117 424
138 516
534 1186
415 52
292 116
423 1066
137 110
138 597
292 1400
336 590
856 1325
1035 636
636 1225
832 532
1332 879
879 743
483 600
236 477
838 1019
883 424
1312 472
1242 1275
516 1023
1019 302
463 720
447 879
480 1187
138 234
1070 513
743 546
1342 116
676 1365
1286 1264
522 298
146 1312
981 119
1106 359
1233 530
1040 885
956 234
134 851
480 882
795 1337
832 880
1242 119
68 528
764 479
1034 290
992 838
346 110
882 1332
463 576
359 1011
1015 1138
255 1019
910 720
193 123
260 202
483 597
261 477
552 721
219 484
236 1176
835 1015
1095 1345
206 813
1225 1307
993 890
298 1109
27 683
913 1218
1193 1142
1116 650
214 842
274 730
212 764
83 1174
720 1160
741 202
236 780
910 614
123 595
1277 1298
483 728
1233 882
627 771
456 1061
1211 883
828 534
683 1332
1084 459
882 1264
58 400
852 472
1375 1068
534 973
415 780
392 882
1117 1056
879 477
597 472
336 134
913 728
421 1051
1342 218
571 1139
742 1111
436 832
627 1063
604 1139
913 741
556 347
720 134
899 910
961 1256
1255 97
123 1067
1193 573
622 110
1186 1144
1034 322
290 1298
397 52
427 134
556 552
427 1111
424 115
1063 802
913 431
91 1255
1296 123
1274 52
1116 1274
1123 156
479 1328
1254 1139
447 115
638 50
1034 156
806 1342
234 16
1277 1400
77 219
1286 421
730 267
742 851
880 397
50 1040
245 1192
590 571
48 292
1063 483
261 320
134 306
571 880
913 260
595 311
530 250
400 513
483 68
993 627
566 709
676 1325
385 80
1339 718
1111 97
188 1035
1111 405
415 581
350 1067
932 1270
97 813
1056 100
1296 427
1225 459
552 484
885 479
306 80
138 260
1211 924
350 710
315 1345
993 1307
1015 219
1264 1342
743 666
1192 534
856 683
728 260
320 623
636 1256
1218 483
424 451
540 581
1192 1365
167 1264
427 99
780 1023
271 856
1264 290
1144 315
1092 728
1296 350
859 1298
584 1275
311 1256
795 450
441 100
1313 540
146 1337
771 167
614 636
755 802
1144 1286
219 1242
576 693
565 339
456 1109
206 883
245 1000
1347 1138
534 115
1176 614
627 123
1256 546
1049 764
968 828
1044 16
392 1185
1400 1274
627 882
721 339
622 842
528 110
1270 1176
236 632
311 516
310 1325
885 480
385 441
99 1193
236 1186
310 830
683 813
432 1187
1174 786
479 1325
795 480
1044 80
202 1142
467 910
1342 690
1307 1117
1044 1193
91 432
415 260
885 472
760 590
128 1337
477 432
924 1055
1307 721
1275 1116
764 1066
1211 427
105 230
1035 1109
595 451
795 271
1044 52
1067 730
1028 513
128 123
29 1296
968 1111
992 1339
956 1051
1296 1140
415 350
650 604
842 1296
802 973
436 993
320 614
1286 1015
880 856
832 260
1304 243
1044 306
359 1051
1313 576
400 27
296 932
993 1358
1375 786
1233 188
540 29
255 138
1337 1192
352 1056
1364 1328
1275 100
730 1242
472 1364
885 565
1332 802
91 1325
315 1086
622 1193
236 534
423 1218
813 879
1256 1109
1392 546
1116 219
336 728
36 530
245 1109
451 1140
1312 1274
392 336
262 39
546 105
371 137
441 483
623 436
339 614
1008 516
614 1176
427 1347
1328 1117
146 219
477 1375
392 993
109 522
218 97
627 315
638 838
1063 405
851 728
802 359
565 1055
636 1365
271 1307
236 1298
968 571
184 459
1347 296
193 46
883 530
204 683
105 1211
77 484
1187 632
632 123
1053 1000
1034 627
1207 690
480 766
618 795
234 1056
346 219
320 961
1084 1296
1138 119
99 576
838 859
632 456
693 415
336 1140
838 1364
565 883
480 1138
320 968
463 1095
1056 450
431 1345
1067 1375
647 1193
652 1186
1187 472
243 1023
400 802
156 446
400 899
1055 424
483 1264
880 973
214 421
676 99
1116 540
456 540
467 310
202 1332
296 992
432 463
234 535
595 1168
293 1116
795 48
206 885
1174 63
111 1313
676 885
852 1123
52 1176
1186 467
1192 1207
742 590
764 336
1304 188
1275 1337
339 1254
119 1275
830 1061
842 58
1304 322
1139 1067
573 483
311 676
516 347
636 913
63 1061
532 111
447 856
842 1275
666 932
622 913
835 632
1207 116
1332 346
1142 236
838 427
105 1139
622 50
298 262
39 58
296 832
77 1174
1400 1275
290 1023
546 813
618 46
571 968
760 400
58 1123
137 1255
193 206
109 1274
29 27
463 255
48 780
459 230
1296 652
590 128
320 456
638 755
405 1325
581 1034
432 1337
532 336
110 1286
184 80
1347 1304
1067 128
632 1068
167 146
483 477
245 1155
903 890
128 1363
1174 359
206 218
1086 84
1307 604
100 1187
730 1332
84 206
1258 66
431 528
1342 636
421 709
483 1187
467 728
29 1176
1015 1258
63 123
302 1328
320 828
1339 167
1109 992
32 309
309 1331
1331 465
465 653
653 277
277 1132
1132 1393
1393 733
733 714
714 1017
1017 1323
1323 999
999 599
599 1382
1382 1050
1050 403
403 177
177 997
997 935
935 701
701 1321
1321 765
765 549
549 366
366 927
927 1136
1136 388
388 520
520 716
716 205
205 192
192 863
863 972
972 601
601 744
744 857
857 493
493 215
215 129
129 1343
1343 1190
1190 805
805 1377
1377 1088
1088 658
658 244
244 150
150 971
971 1131
1131 1122
1122 1141
1141 707
707 1038
1038 1245
1245 860
860 774
774 853
853 81
81 1204
1204 684
684 608
608 1246
1246 321
321 1352
1352 1026
1026 1198
1198 572
572 1080
1080 461
461 430
430 1016
1016 45
45 433
433 1326
1326 1349
1349 1299
1299 796
796 440
440 936
936 434
434 394
394 168
168 634
634 1114
1114 1135
1135 864
864 283
283 1228
1228 769
769 868
868 750
750 1163
1163 1205
1205 473
473 775
775 580
580 470
470 820
820 809
809 898
898 1137
1137 705
705 1241
1241 1214
1214 280
280 1222
1222 603
603 223
223 847
847 344
344 804
804 497
497 1074
1074 991
991 531
531 919
919 1216
1216 792
792 303
303 914
914 1395
1395 1110
1110 1189
1189 900
900 567
567 583
583 14
14 82
82 1238
1238 564
564 1039
1039 529
529 417
417 1341
1341 132
132 24
24 674
674 633
633 1300
1300 570
570 361
361 308
308 1226
1226 554
554 1397
1397 1003
1003 958
958 911
911 1009
1009 1219
1219 1212
1212 1031
1031 30
30 379
379 341
341 938
938 17
17 1105
1105 312
312 18
18 486
486 1112
1112 133
133 703
703 605
605 770
770 823
823 2
2 1087
1087 1027
1027 114
114 1078
1078 304
304 1311
1311 559
559 65
65 454
454 1369
1369 1235
1235 624
624 669
669 963
963 258
258 28
28 276
276 1076
1076 1196
1196 323
323 1152
1152 32
1393 599
529 1189
1080 1216
1076 1105
388 658
1031 572
1369 403
497 1114
168 868
705 129
1321 1241
470 434
1326 344
701 603
804 991
1238 366
1245 321
1132 1112
1136 1311
1163 1212
1003 1205
1235 1238
520 583
1228 765
997 868
1214 323
1246 403
1078 701
669 18
1198 796
323 624
1382 1216
473 603
133 997
997 192
32 1088
857 1204
658 1074
935 963
520 223
857 847
770 769
1137 634
1228 1136
1212 1105
559 1214
624 991
1132 796
470 215
857 554
177 1050
633 1331
454 603
583 823
669 733
775 1016
1204 605
927 205
769 1110
1027 1214
570 1152
17 564
1027 804
864 805
1087 898
1050 805
454 703
705 1214
1114 701
1331 1352
805 938
770 938
707 529
1076 308
1087 774
972 1382
205 1300
361 32
1152 1341
308 276
774 707
1349 1216
177 770
18 323
24 549
853 572
705 1088
601 1027
1198 1137
1105 853
244 366
470 366
991 470
304 1152
809 1112
497 1235
1343 1235
1311 114
1017 520
82 394
900 1080
24 276
1076 554
1245 805
601 633
864 461
1135 440
1196 258
1238 1216
14 1136
972 32
1152 997
17 309
733 1039
864 341
853 1204
1235 658
765 129
927 497
1080 653
971 1382
1393 321
1105 684
280 860
1016 417
303 658
1212 572
1122 304
972 361
30 114
1300 258
1009 1321
1074 1122
434 1163
65 280
601 898
624 927
341 868
624 570
473 32
860 603
684 65
403 1235
309 716
1246 1050
1198 1135
1341 770
1122 1131
1196 765
804 774
283 938
465 1299
308 1050
430 1163
283 769
567 388
1039 823
1038 1074
24 857
1321 65
2 1397
1017 277
1205 379
999 28
323 497
309 770
366 583
919 1343
624 674
223 341
860 705
605 283
133 177
1222 283
1076 32
914 440
1038 366
549 583
1331 1135
750 1074
1190 603
936 1026
277 308
1152 454
605 898
863 1078
914 564
1397 927
1216 919
205 1110
1214 774
244 1377
898 323
809 564
1238 223
430 674
608 24
24 132
280 863
707 17
669 1246
17 531
1222 570
1323 707
868 765
1198 684
605 775
1204 1003
991 774
312 244
570 1016
900 344
1352 674
997 454
1352 277
603 705
1050 669
361 703
303 276
312 1163
898 1074
1246 283
774 701
129 2
1088 388
132 701
1299 804
705 132
1105 1135
277 774
1204 549
1369 1190
1080 1369
1214 1323
744 168
303 805
559 1216
1228 1352
132 914
1190 1212
276 707
1214 192
1112 1009
132 470
567 1131
927 796
1214 65
860 1141
1137 32
361 114
417 1189
65 1031
1026 1382
394 559
30 634
1122 24
919 1112
1135 716
1105 991
440 1245
1238 997
863 860
177 30
192 1189
24 775
1137 361
1393 603
321 1341
1382 1003
1382 321
24 1311
14 864
361 559
809 1219
2 1009
570 1038
1341 1074
1050 1132
114 308
1228 1016
497 572
707 1114
1016 809
958 192
914 633
653 605
554 599
1131 853
999 765
417 549
1074 847
938 168
1016 1241
280 1377
796 309
1141 634
765 1198
440 583
857 1135
963 935
454 868
1216 714
634 132
769 14
750 1132
658 1235
1352 129
1038 701
1196 1017
1087 716
633 1112
1326 168
1397 1331
2 1003
583 770
1114 936
1078 30
531 309
769 283
863 1017
1349 215
703 394
312 192
927 32
18 133
701 341
303 765
114 684
192 669
28 497
1349 461
1321 192
653 703
470 1198
567 911
971 860
1135 857
470 1222
769 461
914 653
486 1017
361 1299
304 707
775 1241
403 703
608 303
605 1076
531 192
65 341
473 705
805 440
454 958
733 341
853 733
714 1110
972 805
1228 303
114 707
205 430
223 470
1026 309
497 1299
1131 605
868 341
283 1393
18 860
744 1323
1245 341
608 1152
744 1009
1196 733
244 276
1137 433
1241 733
919 531
675 536
536 95
95 382
382 466
466 187
187 591
591 836
836 656
656 365
365 1386
1386 917
917 818
818 34
34 178
178 612
612 1100
1100 772
772 87
87 732
732 491
491 104
104 295
295 96
96 291
291 416
416 216
216 1103
1103 1159
1159 896
896 586
586 778
778 200
200 124
124 561
561 695
695 959
959 1327
1327 364
364 574
574 1389
1389 558
558 1398
1398 170
170 207
207 1194
1194 943
943 609
609 265
265 396
396 362
362 1121
1121 846
846 79
79 460
460 330
330 1005
1005 713
713 1281
1281 33
33 437
437 190
190 719
719 1128
1128 1394
1394 519
519 314
314 986
986 1057
1057 541
541 1271
1271 1079
1079 398
398 1202
1202 616
616 621
621 941
941 783
783 246
246 1295
1295 272
272 499
499 548
548 966
966 596
596 837
837 163
163 884
884 833
833 278
278 543
543 849
849 698
698 324
324 657
657 922
922 791
791 952
952 1391
1391 848
848 1183
1183 569
569 1359
1359 181
181 812
812 1021
1021 887
887 687
687 185
185 1052
1052 675
314 952
543 87
848 1079
543 216
837 34
1052 952
574 887
941 362
187 1128
837 569
96 1327
207 1271
324 543
812 732
848 1271
1121 272
1100 833
1183 178
207 574
364 657
1398 1100
1389 541
1159 95
952 1389
1159 1295
986 966
1159 291
96 656
124 499
941 698
732 1389
586 291
364 1057
675 278
265 719
124 519
675 791
1100 365
272 561
609 1159
398 943
952 574
265 561
1295 200
1100 558
818 1183
437 591
791 178
1021 365
1386 365
1398 272
1327 1359
1128 719
836 185
362 1394
772 1327
272 1100
519 966
362 324
178 621
1389 265
499 124
846 896
396 34
291 170
656 778
837 95
33 1021
952 364
719 943
887 732
543 943
295 778
609 1057
466 200
265 178
1202 1398
96 1271
330 519
398 695
698 657
1183 124
656 295
1386 382
1281 698
79 163
246 698
1327 1394
541 687
1398 896
79 548
362 719
548 1386
695 772
324 1057
986 216
491 952
778 187
79 124
295 543
190 616
791 1271
246 382
569 1391
616 917
460 591
941 569
1021 943
846 278
896 1394
1183 1359
1394 1057
941 96
1194 1159
34 778
561 917
1391 272
783 1100
986 783
616 548
849 1281
190 836
491 1194
849 382
896 163
491 246
596 1281
837 609
609 574
1295 616
416 499
519 1121
1194 698
846 1398
362 941
364 1005
772 178
1327 499
1327 616
499 1021
887 713
922 1057
1121 1359
460 541
943 190
246 837
541 437
491 941
543 124
687 558
1394 365
657 675
887 396
1386 216
396 246
104 896
314 324
1021 558
364 1386
896 695
181 772
499 959
34 416
941 1394
952 1394
1005 272
330 1128
272 104
943 265
330 87
95 609
1183 1398
543 499
1057 941
541 791
190 96
1183 460
818 170
324 96
365 87
365 1128
848 1398
836 466
596 96
616 87
460 543
561 178
163 966
178 543
178 695
536 216
216 941
687 365
324 778
837 33
922 1386
1100 246
1100 1398
1103 1079
460 96
536 1359
79 1394
1183 104
365 772
96 887
265 124
96 330
561 657
272 612
818 460
569 732
1386 460
612 466
719 772
657 959
643 264
498 644
1045 103
945 915
386 455
169 1278
984 1168
261 244
750 324